# archivo temporal usado para graficar posiciones de los Krill en gnuplot
0.0239104 -0.000406029 0.306464
0.0150419 -0.036837 0.358687
0.0374365 -0.0536894 0.364405
-0.0564068 -0.000441389 0.24212
-0.069877 0.0291227 0.550275
-0.108328 -0.0100922 0.456539
0.120022 -0.0310432 0.703186
-0.0883136 0.0423872 0.312985
-0.0751101 -0.00783884 0.549499
0.0389268 -0.0436843 0.242972
0.109379 0.0312185 0.562068
-0.0986125 -0.00335652 0.314827
-0.145804 -0.0169769 0.468787
-0.0356262 -0.00637061 0.253054
0.0172407 -0.0156502 0.305172
-0.0808949 0.0141185 0.511118
-0.136669 0.0317832 0.566745
0.0418481 0.00501667 0.405253
-0.010559 -0.0470099 0.377525
-0.0847463 -0.0119564 0.453324
0.062952 -0.00350911 0.307436
0.0739337 -0.069855 0.33686
-0.00188447 0.0245669 0.302162
0.0176039 -0.000306803 0.144174
0.0650455 -0.0227747 0.450788
-0.00206974 -0.0166591 0.130546
0.0258952 -0.0589841 0.338836
0.0954943 -0.0460736 0.401405
0.037265 -0.00954059 0.321794
-0.0267947 0.0107814 0.212434
-0.0459941 0.0448188 0.334082
0.0142882 -0.00987035 0.139064
-0.0975344 0.0231461 0.323429
0.00709119 -0.0380669 0.329289
0.0139006 -0.00285712 0.161878
-0.048395 -0.0552057 0.532424
0.11962 0.005374 0.665383
0.0102298 -0.015083 0.160857
0.0798872 0.0163388 0.51906
0.00295899 -0.0452904 0.41464
-0.0488583 0.00230358 0.363457
-0.0505506 -0.0282442 0.240652
-0.0322408 0.0145575 0.230514
0.0420728 -0.0510162 0.381497
-0.016701 -0.0307868 0.221686
0.0560299 -0.0425267 0.482165
-0.0113443 -0.00961553 0.144219
-0.036208 0.048687 0.264282
-0.0344167 -0.000728284 0.20804
0.0756518 -0.0161297 0.552036
-0.0215753 -0.00606183 0.295105
-0.0277748 0.0282654 0.354488
-0.0700329 -0.0170894 0.514114
-0.0161577 -0.0317925 0.238185
0.0495017 -0.0379824 0.293848
-0.0676833 -0.00431825 0.424326
0.0480828 0.00225272 0.378362
-0.0130014 -0.0261526 0.205767
-0.0171558 0.0123104 0.263459
-0.0886137 -0.0153853 0.376554
0.0328346 -0.0100262 0.206114
-0.0356514 0.014615 0.323684
-0.0684774 0.00588674 0.446381
-0.0546592 -0.0101646 0.247154
0.0371091 -0.00783267 0.305523
-0.0160742 0.0115905 0.217731
0.00773854 -0.00398652 0.115637
-0.0429854 -0.0337608 0.256459
0.15277 -0.0300324 0.397688
0.120778 -0.0167114 0.689201
-0.0637274 -0.000829959 0.322673
0.024555 0.000528257 0.302904
0.00250022 -0.00180703 0.055577
-0.00822968 0.00176522 0.104452
-0.0145357 -0.0289197 0.18025
-0.0888528 0.00178878 0.394211
-0.0551077 -0.00993288 0.244315
-0.0198081 0.0169687 0.278818
-0.00882485 0.0248025 0.273495
-0.0806898 -0.00330107 0.528737
-0.0196103 -0.0119659 0.302692
-0.0327424 -0.0446284 0.249235
0.0212937 -0.0369372 0.41087
0.0053833 -0.0357467 0.251855
-0.0592847 0.0186253 0.288912
0.0227651 -0.0103739 0.297722
0.0247189 -0.0439207 0.332534
-0.0440275 -0.0187707 0.383257
0.0173147 -0.0272211 0.179745
-0.00107473 -0.0262382 0.274958
0.00702093 -0.0341 0.216689
0.00380487 0.00461996 0.123802
0.0149799 -0.0195312 0.302403
-0.0030746 -0.00375564 0.139142
0.0137062 -0.0158395 0.258086
0.0189561 -0.00334815 0.196307
0.0268481 0.00227066 0.258933
0.0439134 -0.0199341 0.376696
0.0238708 -0.0104537 0.279308
0.0109727 -0.0306916 0.181655
