# archivo temporal usado para graficar posicion de las particulas en gnuplot
<<<<<<< local
-0.340677 0.169335 0 
0.303026 0.0617252 0 
-0.224304 -0.0641968 0 
0.659598 -0.190292 0 
-0.487595 0.0858876 0 
0.653322 0.800263 0 
0.160992 -0.190194 0 
0.609881 0.603078 0 
0.514955 0.267063 0 
-0.410031 -0.00635598 0 
0.362415 0.508558 0 
0.922867 0.0358172 0 
-0.833038 -0.82022 0 
-0.045264 -0.49716 0 
0.203342 -0.256786 0 
0.726826 -0.599692 0 
-0.88043 -0.358915 0 
-0.978218 -0.317977 0 
0.29169 0.444067 0 
0.818076 -0.632681 0 
=======
421.651 -418.983 
421.776 -418.983 
421.108 -418.983 
421.056 -418.983 
421.239 -418.983 
421.385 -418.983 
421.546 -418.983 
421.709 -418.983 
421.639 -418.983 
421.662 -418.983 
421.82 -418.983 
421.631 -418.983 
421.13 -418.983 
421.124 -418.983 
421.123 -418.983 
>>>>>>> other
